Date		creditCard	  expenditure	cash	total
11/1/2015		0			0			164		164
11/2/2015		0			0			5		5
11/3/2015		36			0			112		148
11/4/2015		0			0			162		162
11/5/2015		0			0			49		49
11/6/2015		0			0			89		89
11/7/2015		0			0			248		248
11/8/2015		0			0			35		35
11/9/2015		0			0			0		0
11/10/2015		0			0			62		62
11/11/2015		0			0			122		122
11/12/2015		0			0			31		31
11/13/2015		0			0			93		93
11/14/2015		0			0			92		92
11/15/2015		0			0			135		135
11/16/2015		0			0			232		232
11/17/2015		0			0			52		52
11/18/2015		0			0			63		63
11/19/2015		0			0			10		10
11/20/2015		0			0			90		90
11/21/2015		0			0			44		44
11/22/2015		0			0			103		103
11/23/2015		0			0			128		128
11/24/2015		0			0			114		114
11/25/2015		0			0			395		395
11/26/2015		0			0			51		51
11/27/2015		0			0			87		87
11/28/2015		0			0			177		177
11/29/2015		0			0			312		312
11/30/2015		0			0			110		110
	
				36			0			3367	3403
				
cost from me				
uncle		1040			
shahidul	650		rent---	1000
electric	180			
salma		275			
hitar		97			
				
			2242			
				
total cash--	3367			
cost from me	2242			
				1125			