Date	credit card	expenditure	cash	total	
10/1/2015	0			0		54		54	
10/2/2015	0			0		0		0	
10/3/2015	0			0		135		135	
10/4/2015	165			0		122		287	
10/5/2015	0			0		59		59	
10/6/2015	0			0		20		20	
10/7/2015	0			0		36		36	
10/8/2015	0			0		307		307	
10/9/2015	0			0		171		171	
10/10/2015	112			0		135		247	
10/11/2015	200			0		122		322	
10/12/2015	0			0		86		86	
10/13/2015	0			0		45		45	
10/14/2015	40			0		23		63	
10/15/2015	0			0		32		32	
10/16/2015	0			0		120		120	
10/17/2015	35			0		146		181	
10/18/2015	0			0		432		432	
10/19/2015	0			0		184		184	
10/20/2015	0			0		40		40	
10/21/2015	0			0		10		10	
10/22/2015	0			0		159		159	
10/23/2015	0			0		192		192	
10/24/2015	0			0		157		157	
10/25/2015	0			0		380		380	
10/26/2015	0			0		19		19	
10/27/2015	0			0		50		50	
10/28/2015	0			0		234		234	
10/29/2015	0			0		53		53	
10/30/2015	0			0		0	
10/31/2015	0			0		152		152	
			552			0		3675	4227	
					
cost from me					
uncle			1740				
shahidul		650			rent---1000	(check)	
electric		228				
babo market		2345				
box+istari		30				
fire extingush	130				
				5123				
					
total cash--	-1448				
					