Date	credit card	expenditure	cash	total	
9/1/2015	0			0		129		129	
9/2/2015	0			0		102		102	
9/3/2015	0			0		166		166	
9/4/2015	0			0		130		130	
9/5/2015	30			300		5		335	
9/6/2015	127			0		204		331	
9/7/2015	0			240		45		285	
9/8/2015	100			0		292		392	
9/9/2015	0			0		138		138	
9/10/2015	0			0		13		13	
9/11/2015	0			0		70		70	
9/12/2015	0			0		550		550	
9/13/2015	21.5		0		197		218.5	
9/14/2015	371			23.5	412		806.5	
9/15/2015	0			0		219		219	
9/16/2015	0			0		100		100	
9/17/2015	0			180		32		212	
9/18/2015	0			0		495		495	
9/19/2015	235			0		546		781	
9/20/2015	0			420		175		595	
9/21/2015	0			0		383		383	
9/22/2015	0			270		625		895	
9/23/2015	608			24		798		1430	
9/24/2015	0			0		0		0	
9/25/2015	0			0		47		47	
9/26/2015	0			0		26		26	
9/27/2015	0			0		141		141	
9/28/2015	0			0		108		108	
9/29/2015	0			0		231		231	
9/30/2015	0			0		170		170	
					
		1492.5		1457.5		6549	9499	
					
					
					
cost from me---					
electric		207		rent	1000	
abubakar		615				
shahidul		650				
dubai			1134				
bussiness card--80				
rumi			240				
uncle			420				
phone bill		150				
				3496				
					
total cash		6549				
cost from me	3496				
total remain	3053				
					
					
					