Date	   credit   card	expenditure	cash	total	
7/1/2015	630		200	542	1372	
7/2/2015	125		7	670	802	
7/3/2015	549		180	1062	1791	
7/4/2015	469		0	706	1175	
7/5/2015	283		212	826	1321	
7/6/2015	264		0	414	678	
7/7/2015	562		2	725	1289	
7/8/2015	137		140	737	1014	
7/9/2015	557		355	340	1252	
7/10/2015	120		0	1086	1206	
7/11/2015	329		0	1804	2133	
7/12/2015	471		0	1514	1985	
7/13/2015	480		0	1221	1701	
7/14/2015	246		0	3370	3616	
7/15/2015	365		400	835	1600	
7/16/2015	632		888	2233	3753	
7/18/2015	0		3	259	262	
7/19/2015	24		0	347	371	
7/20/2015	25		6	425	456	
7/17/2015					
7/21/2015	0		0	507	507	
7/22/2015	93		156	466	715	
7/23/2015	0		3	369	372	
7/24/2015	132		35	297	464	
7/25/2015	0		0	229	229	
7/26/2015	38		0	121	159	
7/27/2015	131		0	256	387	
7/28/2015	233			-87	146	
7/29/2015	0		0	217	217	
7/30/2015	0		0	188	188	
7/31/2015	0		0	251	251	
	      6265	       2387     21388   	30040	 	            
					
Total------					
elec june+july+deposit	896			
abubakar-------	       1400		
kabir	      		200	
baki		    	700	
shahidul	       2000				
titu salary	        850				
			6046	
					
total cash---	21388				
cost from me	6046				
total cash after cost	15342	

taxable----7465			
					    