Date	credit card	expenditure	cash	total
8/1/2015	32			5		483		520
8/2/2015	238			0		277		515
8/3/2015	0			0		296		296
8/4/2015	0			3		398		401
8/5/2015	40			0		475		515
8/6/2015	500			0		-314	186
8/7/2015	0			300		177		477
8/8/2015	63			3		159		225
8/9/2015	20			0		221		241
8/10/2015	118			0		154		272
8/11/2015	40			0		198		238
8/12/2015	10			0		160		170
8/13/2015	0			0		57		57
8/14/2015	46			200		19		265
8/15/2015	520			0		183		703
8/16/2015	20			0		224		244
8/17/2015	10			0		165		175
8/18/2015	30			260		-106	184
8/19/2015	15			0		196	    211
8/20/2015	55			0		518		573
8/21/2015	25			400		-278	147
8/22/2015	0			0		265		265
8/23/2015	75			0		505		580
8/24/2015	0			0		223		223
8/25/2015	46			3		243		292
8/26/2015	79			0		103		182
8/27/2015	32			0		340		372
8/28/2015	0			0		109		109
8/29/2015	0			0		107		107
8/30/2015	299			0		47		346
8/31/2015	100			0		146		246
			2413	  1174		5750	9337
				
Total cash	5			5750
electric bill			
lipi apa selai			225
kabir	        		1000
baki	            	471
shahidul	        	650
titu salary	        	950
	      			   3296
				
total cash 	         5750			
cost from me	     3296			
total after cost	 2454	

Taxable-----3413		
								
					    